x1 <- c(1,2,3,4,5,6,7,8,9,10,11,12,13,14,15,16,17,18,19,20,21,22,23,24,25,26,27,28,29,30)
y1 <- c(1,0.7,0.442953020134228,0.37741935483871,0.462264150943396,0.532258064516129,0.574850299401198,0.693251533742331,0.758928571428571,0.814492753623188,0.872521246458923,0.792,0.722365038560411,0.659203980099503,0.610972568578554,0.520681265206813,0.451923076923077,0.427184466019417,0.354368932038835,0.380352644836272,0.367088607594937,0.393617021276596,0.432876712328767,0.449152542372881,0.48,0.447293447293447,0.441176470588235,0.462908011869436,0.468277945619335,0.473684210526316)
x2 <- c(1,2,3,4,5,6,7,8,9,10,11,12,13,14,15,16,17,18,19,20,21,22,23,24,25,26,27,28,29,30)
y2 <- c(0.325,0.291139240506329,0.339869281045752,0.254777070063694,0.364963503649635,0.485714285714286,0.476510067114094,0.544871794871795,0.50561797752809,0.577540106951872,0.542452830188679,0.672340425531915,0.716417910447761,0.655948553054662,0.598837209302326,0.522666666666667,0.601023017902813,0.5,0.534562211981567,0.461024498886414,0.587583148558758,0.541755888650964,0.632567849686848,0.648760330578512,0.597560975609756,0.667334669338677,0.653100775193799,0.607210626185958,0.589792060491493,0.576779026217228)
PNGxlabel <- "Iteracion"
PNGylabel <- "Presicion de recomendaciones"
PNGheight <- 450
PNGwidth <- 510
imageName <- "Grafica"
