x <- c(1,2,3,4,5,6,7,8,9,10,11,12,13,14,15,16,17,18,19,20,21,22,23,24,25,26,27,28,29,30,31,32,33,34,35,36,37,38,39,40,41,42,43,44,45,46,47,48,49,50,51,52,53,54,55,56,57,58,59,60,61,62,63,64,65,66,67,68,69,70,71,72,73,74,75,76,77,78,79,80,81,82,83,84,85,86,87,88,89,90,91,92,93,94,95,96,97,98,99,100,101,102,103,104,105,106,107,108,109,110,111,112,113,114,115,116,117,118,119,120,121,122,123,124,125,126,127,128,129,130,131,132,133,134,135,136,137,138,139,140,141,142,143,144,145,146,147,148,149,150,151,152,153,154,155,156,157,158,159,160,161,162,163,164,165,166,167,168,169,170,171,172,173,174,175,176,177,178,179,180,181,182,183,184,185,186,187,188,189,190,191,192,193,194,195,196,197,198,199,200,201,202,203,204,205,206,207,208,209,210,211,212,213,214,215,216,217,218)
y <- c(200,158,153,157,137,132,129,116,124,106,101,104,104,94,95,97,90,92,95,91,93,96,97,96,101,103,109,119,117,121,125,128,126,135,142,144,148,152,155,161,161,165,171,181,185,193,200,204,213,215,224,232,237,245,253,258,267,275,282,286,293,304,307,316,322,329,336,344,353,362,376,386,391,400,411,418,428,439,445,455,461,471,476,482,494,500,508,516,527,532,540,550,559,568,576,585,594,603,615,628,639,649,657,669,675,686,698,709,722,729,739,749,762,772,778,790,798,805,816,825,837,846,856,867,878,886,899,909,917,927,937,948,959,967,977,984,995,1009,1015,1028,1036,1051,1059,1069,1080,1091,1100,1111,1123,1132,1140,1154,1162,1167,1180,1190,1199,1207,1219,1229,1240,1253,1259,1270,1278,1287,1298,1308,1317,1328,1337,1347,1359,1368,1374,1385,1393,1405,1415,1421,1434,1446,1454,1464,1478,1486,1493,1503,1509,1519,1530,1538,1548,1557,1565,1576,1588,1599,1611,1623,1633,1645,1658,1668,1676,1686,1696,1706,1715,1724,1739,1747,1759,1769,1778,1788,1802,1810)
PNGxlabel <- "Iteracion"
PNGylabel <- "Recomendaciones"
PNGheight <- 450
PNGwidth <- 886
imageName <- "Grafica"
