x1 <- c(1,2,3,4,5,6,7,8,9,10,11,12,13,14,15,16,17,18,19,20,21,22,23,24,25,26,27,28,29,30)
y1 <- c(1.72195314412811,1.47392007290659,1.70969131968893,1.28821549180849,1.79561347657961,2.40022631955309,2.38443079008139,2.75152410651417,2.62000291868701,3.02117503005506,2.90569538484567,3.67070004780756,4.00548320991822,3.76500885557738,3.4975935506364,3.09780666957387,3.58733063068174,3.02486672761598,3.24642011961128,2.81548716650924,3.590995221659,3.32981006892983,3.90401937581526,4.01069144774591,3.70396898912345,4.14588743463979,4.07933717047924,3.80551076951278,3.69857918854403,3.62240059625419)
x2 <- c(1,2,3,4,5,6,7,8,9,10,11,12,13,14,15,16,17,18,19,20,21,22,23,24,25,26,27,28,29,30)
y2 <- c(1.72195314412811,3.74888366369718,2.99985059805712,3.81676047231398,3.36909001499041,3.05708465438363,2.51429463078719,2.67385113300041,2.29530253207867,2.67894113738547,2.21571444146352,2.32653889628554,2.51363110701,2.63054418175465,2.7235265008718,2.93046378851736,2.86058697611312,3.33115055276445,3.31027745634763,3.58722292592379,3.50397687427828,4.03724836687161,4.14005563749552,4.36067284336426,4.13861820682461,4.64038979532867,4.65124764484212,4.65609970353296,4.93725661789095,5.11433690971505)
PNGxlabel <- "Iteracion"
PNGylabel <- "Precisión por log de recomendaciones"
PNGheight <- 450
PNGwidth <- 510
imageName <- "Grafica"
