x1 <- c(1,2,3,4,5,6,7,8,9,10,11,12,13,14,15,16,17,18,19,20,21,22,23,24,25,26,27,28,29,30)
y1 <- c(60,151,128,135,142,111,65,82,91,87,107,110,124,157,177,194,194,190,191,204,212,204,191,173,188,165,110,93,92,97)
x2 <- c(1,2,3,4,5,6,7,8,9,10,11,12,13,14,15,16,17,18,19,20,21,22,23,24,25,26,27,28,29,30)
y2 <- c(0,60,166,193,171,145,142,100,81,64,45,78,108,137,156,197,228,236,266,246,250,228,205,195,182,194,190,176,176,170)
PNGxlabel <- "Iteracion"
PNGylabel <- "Problemas fallados"
PNGheight <- 450
PNGwidth <- 510
imageName <- "Grafica"
